# BGR18 cross-section
#
# Generated using NNPDF31sx_nlo_as_0118_LHCb_nf_6 PDF.
#
# Reference:
#    https://arxiv.org/abs/1106.3723
#
#------------------------------------------------------------------------------------------------------------
#  energy                 neutrino xsec (m^2)                            anti-neutrino xsec (m^2)
#  (GeV)         charged-current        neutral-current           charged-current        neutral-current
#              proton      neutron     proton      neutron      proton      neutron     proton      neutron
#------------------------------------------------------------------------------------------------------------
1.00000E+02  3.80589E-41 6.63662E-41 1.59115E-41 1.73999E-41  2.88252E-41 1.72055E-41 9.35232E-42 9.47945E-42
1.12202E+02  4.35874E-41 7.45892E-41 1.80884E-41 1.96969E-41  3.28191E-41 1.98369E-41 1.06336E-41 1.08037E-41
1.25893E+02  4.98727E-41 8.38478E-41 2.05501E-41 2.22942E-41  3.73506E-41 2.28568E-41 1.20936E-41 1.22982E-41
1.41254E+02  5.69321E-41 9.43498E-41 2.33363E-41 2.52253E-41  4.25067E-41 2.63022E-41 1.37391E-41 1.40006E-41
1.58489E+02  6.49799E-41 1.06133E-40 2.64858E-41 2.85326E-41  4.83347E-41 3.02655E-41 1.56065E-41 1.59248E-41
1.77828E+02  7.42608E-41 1.19232E-40 3.00496E-41 3.22566E-41  5.48809E-41 3.48575E-41 1.77250E-41 1.80979E-41
1.99526E+02  8.47549E-41 1.33979E-40 3.40733E-41 3.64529E-41  6.22870E-41 4.01126E-41 2.01173E-41 2.05600E-41
2.23872E+02  9.64903E-41 1.50695E-40 3.86009E-41 4.11902E-41  7.07028E-41 4.60793E-41 2.28274E-41 2.33374E-41
2.51189E+02  1.10275E-40 1.68957E-40 4.37285E-41 4.64978E-41  8.00221E-41 5.30853E-41 2.58984E-41 2.64659E-41
2.81838E+02  1.25338E-40 1.89965E-40 4.94831E-41 5.24877E-41  9.07730E-41 6.08508E-41 2.93510E-41 3.00122E-41
3.16228E+02  1.42484E-40 2.13386E-40 5.59686E-41 5.92098E-41  1.02876E-40 6.97326E-41 3.32445E-41 3.40152E-41
3.54813E+02  1.62091E-40 2.39366E-40 6.32704E-41 6.67492E-41  1.16408E-40 7.99637E-41 3.76464E-41 3.85163E-41
3.98107E+02  1.83989E-40 2.68652E-40 7.14567E-41 7.52257E-41  1.31734E-40 9.15251E-41 4.26149E-41 4.35787E-41
4.46684E+02  2.08764E-40 3.01293E-40 8.06607E-41 8.47134E-41  1.48984E-40 1.04669E-40 4.81919E-41 4.92955E-41
5.01187E+02  2.36457E-40 3.37946E-40 9.09769E-41 9.53465E-41  1.68481E-40 1.19503E-40 5.44707E-41 5.57235E-41
5.62341E+02  2.67993E-40 3.78449E-40 1.02542E-40 1.07239E-40  1.90208E-40 1.36514E-40 6.15425E-41 6.29377E-41
6.30957E+02  3.03215E-40 4.23796E-40 1.15481E-40 1.20542E-40  2.14711E-40 1.55685E-40 6.94866E-41 7.10435E-41
7.07946E+02  3.42309E-40 4.74711E-40 1.29948E-40 1.35402E-40  2.42486E-40 1.77101E-40 7.83841E-41 8.01639E-41
7.94328E+02  3.87069E-40 5.30393E-40 1.46138E-40 1.51954E-40  2.73084E-40 2.01853E-40 8.84037E-41 9.03563E-41
8.91251E+02  4.36376E-40 5.93039E-40 1.64156E-40 1.70454E-40  3.07775E-40 2.29378E-40 9.96126E-41 1.01803E-40
1.00000E+03  4.91773E-40 6.62268E-40 1.84283E-40 1.91012E-40  3.46516E-40 2.60502E-40 1.12173E-40 1.14618E-40
1.12202E+03  5.53362E-40 7.39237E-40 2.06660E-40 2.13912E-40  3.89900E-40 2.95487E-40 1.26222E-40 1.28967E-40
1.25893E+03  6.23169E-40 8.23275E-40 2.31591E-40 2.39313E-40  4.37732E-40 3.35469E-40 1.41975E-40 1.44968E-40
1.41254E+03  6.99549E-40 9.17474E-40 2.59219E-40 2.67570E-40  4.91819E-40 3.79671E-40 1.59538E-40 1.62887E-40
1.58489E+03  7.84349E-40 1.02154E-39 2.89889E-40 2.98880E-40  5.52199E-40 4.29181E-40 1.79145E-40 1.82889E-40
1.77828E+03  8.79673E-40 1.13502E-39 3.23932E-40 3.33489E-40  6.18715E-40 4.85380E-40 2.01062E-40 2.05153E-40
1.99526E+03  9.83312E-40 1.26187E-39 3.61512E-40 3.71859E-40  6.93791E-40 5.47183E-40 2.25429E-40 2.30025E-40
2.23872E+03  1.10229E-39 1.39692E-39 4.03207E-40 4.14079E-40  7.74628E-40 6.18837E-40 2.52682E-40 2.57600E-40
2.51189E+03  1.22809E-39 1.55063E-39 4.49046E-40 4.60832E-40  8.67646E-40 6.95494E-40 2.82896E-40 2.88382E-40
2.81838E+03  1.37012E-39 1.71563E-39 4.99672E-40 5.12236E-40  9.68685E-40 7.83011E-40 3.16528E-40 3.22548E-40
3.16228E+03  1.52512E-39 1.89730E-39 5.55355E-40 5.68828E-40  1.08121E-39 8.79753E-40 3.53866E-40 3.60501E-40
3.54813E+03  1.69447E-39 2.09645E-39 6.16556E-40 6.30998E-40  1.20618E-39 9.86739E-40 3.95297E-40 4.02603E-40
3.98107E+03  1.88321E-39 2.31030E-39 6.83768E-40 6.99157E-40  1.34216E-39 1.10751E-39 4.41274E-40 4.49215E-40
4.46684E+03  2.09055E-39 2.54196E-39 7.57486E-40 7.73753E-40  1.49143E-39 1.24206E-39 4.92238E-40 5.00783E-40
5.01187E+03  2.31053E-39 2.79971E-39 8.37923E-40 8.55567E-40  1.65990E-39 1.38687E-39 5.48460E-40 5.57994E-40
5.62341E+03  2.55241E-39 3.07668E-39 9.25950E-40 9.44758E-40  1.84379E-39 1.54830E-39 6.10696E-40 6.21126E-40
6.30957E+03  2.81350E-39 3.37786E-39 1.02185E-39 1.04212E-39  2.04652E-39 1.72566E-39 6.79366E-40 6.90879E-40
7.07946E+03  3.10209E-39 3.69731E-39 1.12637E-39 1.14800E-39  2.26514E-39 1.92476E-39 7.55210E-40 7.67719E-40
7.94328E+03  3.41636E-39 4.03908E-39 1.24033E-39 1.26274E-39  2.50388E-39 2.14443E-39 8.39009E-40 8.52160E-40
8.91251E+03  3.74559E-39 4.41604E-39 1.36345E-39 1.38777E-39  2.77076E-39 2.37980E-39 9.30886E-40 9.45476E-40
1.00000E+04  4.13014E-39 4.78986E-39 1.49685E-39 1.52315E-39  3.03766E-39 2.66234E-39 1.03187E-39 1.04813E-39
1.12202E+04  4.51585E-39 5.21848E-39 1.64165E-39 1.66976E-39  3.35317E-39 2.94849E-39 1.14353E-39 1.16105E-39
1.25893E+04  4.91688E-39 5.69167E-39 1.80029E-39 1.82706E-39  3.71263E-39 3.24783E-39 1.26751E-39 1.28488E-39
1.41254E+04  5.35926E-39 6.18529E-39 1.97001E-39 1.99871E-39  4.09090E-39 3.58851E-39 1.40285E-39 1.42167E-39
1.58489E+04  5.83072E-39 6.71311E-39 2.15245E-39 2.18376E-39  4.50232E-39 3.95879E-39 1.55036E-39 1.57138E-39
1.77828E+04  6.33555E-39 7.27193E-39 2.34844E-39 2.38185E-39  4.94629E-39 4.36136E-39 1.71090E-39 1.73356E-39
1.99526E+04  6.87225E-39 7.86382E-39 2.55772E-39 2.59333E-39  5.42358E-39 4.79691E-39 1.88409E-39 1.90848E-39
2.23872E+04  7.44155E-39 8.49140E-39 2.78131E-39 2.81922E-39  5.93930E-39 5.26646E-39 2.07090E-39 2.09713E-39
2.51189E+04  8.04676E-39 9.15734E-39 3.02086E-39 3.06120E-39  6.49725E-39 5.77528E-39 2.27328E-39 2.30145E-39
2.81838E+04  8.65617E-39 9.89730E-39 3.27611E-39 3.32115E-39  7.13111E-39 6.29432E-39 2.49137E-39 2.52335E-39
3.16228E+04  9.32997E-39 1.06554E-38 3.54545E-39 3.60228E-39  7.77071E-39 6.89827E-39 2.72419E-39 2.76599E-39
3.54813E+04  1.01675E-38 1.13369E-38 3.84116E-39 3.89394E-39  8.36007E-39 7.64753E-39 2.98186E-39 3.02151E-39
3.98107E+04  1.09460E-38 1.21697E-38 4.15259E-39 4.20843E-39  9.09464E-39 8.35092E-39 3.25715E-39 3.29953E-39
4.46684E+04  1.17583E-38 1.30668E-38 4.48356E-39 4.54355E-39  9.89945E-39 9.08737E-39 3.55326E-39 3.59932E-39
5.01187E+04  1.26196E-38 1.40189E-38 4.83817E-39 4.89684E-39  1.07716E-38 9.86344E-39 3.87386E-39 3.91982E-39
5.62341E+04  1.35521E-38 1.50057E-38 5.21157E-39 5.27259E-39  1.16783E-38 1.07156E-38 4.21659E-39 4.26489E-39
6.30957E+04  1.45349E-38 1.60480E-38 5.60555E-39 5.66927E-39  1.26411E-38 1.16265E-38 4.58327E-39 4.63421E-39
7.07946E+04  1.55453E-38 1.71717E-38 6.02037E-39 6.08961E-39  1.37014E-38 1.25593E-38 4.97416E-39 5.03023E-39
7.94328E+04  1.66290E-38 1.83337E-38 6.46005E-39 6.53304E-39  1.47944E-38 1.35831E-38 5.39266E-39 5.45238E-39
8.91251E+04  1.77761E-38 1.95468E-38 6.92607E-39 7.00212E-39  1.59475E-38 1.46751E-38 5.83984E-39 5.90265E-39
1.00000E+05  1.89750E-38 2.08250E-38 7.41997E-39 7.50003E-39  1.71657E-38 1.58343E-38 6.31662E-39 6.38338E-39
1.12202E+05  2.02361E-38 2.21554E-38 7.94322E-39 8.02661E-39  1.84538E-38 1.70578E-38 6.82569E-39 6.89585E-39
1.25893E+05  2.15545E-38 2.35445E-38 8.49547E-39 8.58230E-39  1.98121E-38 1.83495E-38 7.36830E-39 7.44199E-39
1.41254E+05  2.29359E-38 2.49972E-38 9.07049E-39 9.17697E-39  2.11294E-38 1.98286E-38 7.93770E-39 8.03047E-39
1.58489E+05  2.43974E-38 2.65088E-38 9.68677E-39 9.79626E-39  2.26364E-38 2.12744E-38 8.55031E-39 8.64651E-39
1.77828E+05  2.59072E-38 2.81255E-38 1.03369E-38 1.04521E-38  2.42635E-38 2.27671E-38 9.19773E-39 9.29974E-39
1.99526E+05  2.74645E-38 2.98657E-38 1.10218E-38 1.11489E-38  2.59711E-38 2.43590E-38 9.87871E-39 9.99223E-39
2.23872E+05  2.91761E-38 3.16316E-38 1.17515E-38 1.18820E-38  2.77424E-38 2.60796E-38 1.06012E-38 1.07185E-38
2.51189E+05  3.09917E-38 3.34746E-38 1.25250E-38 1.26564E-38  2.96260E-38 2.78891E-38 1.13651E-38 1.14839E-38
2.81838E+05  3.28851E-38 3.54293E-38 1.33413E-38 1.34766E-38  3.16074E-38 2.98093E-38 1.21705E-38 1.22934E-38
3.16228E+05  3.48921E-38 3.74682E-38 1.42040E-38 1.43424E-38  3.36857E-38 3.18486E-38 1.30219E-38 1.31481E-38
3.54813E+05  3.69454E-38 3.96674E-38 1.51129E-38 1.52573E-38  3.59820E-38 3.38933E-38 1.39206E-38 1.40529E-38
3.98107E+05  3.92601E-38 4.18211E-38 1.60778E-38 1.62147E-38  3.81686E-38 3.62779E-38 1.48779E-38 1.50040E-38
4.46684E+05  4.15739E-38 4.42010E-38 1.70878E-38 1.72286E-38  4.06044E-38 3.86504E-38 1.58863E-38 1.60165E-38
5.01187E+05  4.39943E-38 4.67097E-38 1.81445E-38 1.83004E-38  4.30931E-38 4.12135E-38 1.69502E-38 1.70953E-38
5.62341E+05  4.64956E-38 4.93749E-38 1.92550E-38 1.94214E-38  4.58063E-38 4.37905E-38 1.80790E-38 1.82348E-38
6.30957E+05  4.88410E-38 5.24372E-38 2.03968E-38 2.06162E-38  4.87776E-38 4.63491E-38 1.92504E-38 1.94573E-38
7.07946E+05  5.16769E-38 5.52633E-38 2.16177E-38 2.18454E-38  5.16022E-38 4.93102E-38 2.05073E-38 2.07234E-38
7.94328E+05  5.46185E-38 5.82521E-38 2.29027E-38 2.31339E-38  5.46534E-38 5.23186E-38 2.18326E-38 2.20530E-38
8.91251E+05  5.77011E-38 6.13838E-38 2.42549E-38 2.44897E-38  5.78524E-38 5.54741E-38 2.32250E-38 2.34497E-38
1.00000E+06  6.09208E-38 6.46792E-38 2.56780E-38 2.59220E-38  6.13237E-38 5.86763E-38 2.46827E-38 2.49173E-38
1.12202E+06  6.43407E-38 6.80843E-38 2.71815E-38 2.74286E-38  6.48261E-38 6.21729E-38 2.62121E-38 2.64503E-38
1.25893E+06  6.78896E-38 7.16767E-38 2.87627E-38 2.90140E-38  6.85108E-38 6.58118E-38 2.78124E-38 2.80553E-38
1.41254E+06  7.15530E-38 7.54866E-38 3.04167E-38 3.06886E-38  7.23132E-38 6.96742E-38 2.94807E-38 2.97442E-38
1.58489E+06  7.54397E-38 7.94213E-38 3.21629E-38 3.24387E-38  7.63461E-38 7.36648E-38 3.12382E-38 3.15060E-38
1.77828E+06  7.98103E-38 8.32377E-38 3.40118E-38 3.42593E-38  8.03872E-38 7.80256E-38 3.30985E-38 3.33391E-38
1.99526E+06  8.39418E-38 8.76774E-38 3.59236E-38 3.61953E-38  8.49192E-38 8.22952E-38 3.50266E-38 3.52914E-38
2.23872E+06  8.81232E-38 9.24733E-38 3.79149E-38 3.82396E-38  8.96399E-38 8.67998E-38 3.70389E-38 3.73560E-38
2.51189E+06  9.27988E-38 9.72004E-38 4.00306E-38 4.03595E-38  9.44971E-38 9.16114E-38 3.91760E-38 3.94978E-38
2.81838E+06  9.73298E-38 1.02513E-37 4.22221E-38 4.26121E-38  9.96855E-38 9.65500E-38 4.13905E-38 4.17729E-38
3.16228E+06  1.02436E-37 1.07708E-37 4.45451E-38 4.49512E-38  1.04988E-37 1.01848E-37 4.37372E-38 4.41360E-38
3.54813E+06  1.07649E-37 1.13272E-37 4.69701E-38 4.74155E-38  1.10858E-37 1.07066E-37 4.61875E-38 4.66256E-38
3.98107E+06  1.13266E-37 1.18921E-37 4.95318E-38 4.99804E-38  1.16670E-37 1.12847E-37 4.87758E-38 4.92177E-38
4.46684E+06  1.19153E-37 1.24807E-37 5.22172E-38 5.26691E-38  1.22729E-37 1.18896E-37 5.14898E-38 5.19356E-38
5.01187E+06  1.25636E-37 1.30623E-37 5.50457E-38 5.54730E-38  1.28661E-37 1.25605E-37 5.43490E-38 5.47710E-38
5.62341E+06  1.32039E-37 1.37042E-37 5.79923E-38 5.84235E-38  1.35252E-37 1.32176E-37 5.73257E-38 5.77521E-38
6.30957E+06  1.38666E-37 1.43771E-37 6.10475E-38 6.15366E-38  1.42157E-37 1.38960E-37 6.04088E-38 6.08928E-38
7.07946E+06  1.45616E-37 1.50749E-37 6.42715E-38 6.47633E-38  1.49299E-37 1.46074E-37 6.36600E-38 6.41472E-38
7.94328E+06  1.52794E-37 1.58111E-37 6.76328E-38 6.81467E-38  1.56751E-37 1.53487E-37 6.70514E-38 6.75609E-38
8.91251E+06  1.60224E-37 1.65876E-37 7.11411E-38 7.16892E-38  1.64658E-37 1.61104E-37 7.05961E-38 7.11400E-38
1.00000E+07  1.67523E-37 1.74477E-37 7.47790E-38 7.54210E-38  1.73112E-37 1.68888E-37 7.42811E-38 7.49189E-38
1.12202E+07  1.75838E-37 1.82806E-37 7.86247E-38 7.92683E-38  1.81615E-37 1.77373E-37 7.81959E-38 7.88361E-38
1.25893E+07  1.84385E-37 1.91665E-37 8.26211E-38 8.32971E-38  1.90528E-37 1.86207E-37 8.22855E-38 8.29589E-38
1.41254E+07  1.93405E-37 2.00825E-37 8.68015E-38 8.74951E-38  1.99774E-37 1.95480E-37 8.65715E-38 8.72634E-38
1.58489E+07  2.02676E-37 2.10527E-37 9.11544E-38 9.18973E-38  2.09904E-37 2.04654E-37 9.10277E-38 9.17698E-38
1.77828E+07  2.13027E-37 2.19952E-37 9.57170E-38 9.64923E-38  2.19001E-37 2.15656E-37 9.56739E-38 9.64489E-38
1.99526E+07  2.23327E-37 2.30240E-37 1.00512E-37 1.01286E-37  2.29452E-37 2.26109E-37 1.00512E-37 1.01286E-37
2.23872E+07  2.34064E-37 2.40942E-37 1.05538E-37 1.06312E-37  2.40308E-37 2.36976E-37 1.05516E-37 1.06291E-37
2.51189E+07  2.45241E-37 2.52113E-37 1.10807E-37 1.11581E-37  2.51602E-37 2.48269E-37 1.10699E-37 1.11472E-37
2.81838E+07  2.56301E-37 2.64344E-37 1.16241E-37 1.17182E-37  2.63815E-37 2.59555E-37 1.15994E-37 1.16932E-37
3.16228E+07  2.68448E-37 2.76469E-37 1.22012E-37 1.22950E-37  2.76046E-37 2.71788E-37 1.21590E-37 1.22525E-37
3.54813E+07  2.81047E-37 2.89160E-37 1.28016E-37 1.28998E-37  2.88921E-37 2.84403E-37 1.27404E-37 1.28381E-37
3.98107E+07  2.93630E-37 3.02927E-37 1.34244E-37 1.35339E-37  3.02550E-37 2.97351E-37 1.33453E-37 1.34541E-37
4.46684E+07  3.07372E-37 3.16635E-37 1.40791E-37 1.41882E-37  3.16415E-37 3.11222E-37 1.39860E-37 1.40943E-37
5.01187E+07  3.21437E-37 3.31164E-37 1.47582E-37 1.48704E-37  3.31013E-37 3.25597E-37 1.46586E-37 1.47699E-37
5.62341E+07  3.36232E-37 3.46115E-37 1.54639E-37 1.55780E-37  3.46095E-37 3.40775E-37 1.53685E-37 1.54818E-37
6.30957E+07  3.51719E-37 3.61547E-37 1.61979E-37 1.63116E-37  3.61866E-37 3.56563E-37 1.61161E-37 1.62293E-37
7.07946E+07  3.67422E-37 3.77999E-37 1.69540E-37 1.70809E-37  3.78637E-37 3.72670E-37 1.68927E-37 1.70191E-37
7.94328E+07  3.84335E-37 3.94542E-37 1.77396E-37 1.78825E-37  3.94329E-37 3.91193E-37 1.77018E-37 1.78443E-37
8.91251E+07  4.01797E-37 4.11914E-37 1.85670E-37 1.87085E-37  4.12099E-37 4.08985E-37 1.85513E-37 1.86927E-37
1.00000E+08  4.19984E-37 4.30016E-37 1.94298E-37 1.95702E-37  4.30547E-37 4.27453E-37 1.94298E-37 1.95702E-37
1.12202E+08  4.38211E-37 4.49603E-37 2.03238E-37 2.04740E-37  4.49845E-37 4.46452E-37 2.03315E-37 2.04817E-37
1.25893E+08  4.57613E-37 4.69580E-37 2.12504E-37 2.14194E-37  4.70584E-37 4.65461E-37 2.12607E-37 2.14297E-37
1.41254E+08  4.78163E-37 4.90009E-37 2.22257E-37 2.23927E-37  4.91202E-37 4.86112E-37 2.22347E-37 2.24019E-37
1.58489E+08  4.99081E-37 5.11704E-37 2.32299E-37 2.34167E-37  5.12810E-37 5.07369E-37 2.32355E-37 2.34224E-37
1.77828E+08  5.21277E-37 5.33786E-37 2.42862E-37 2.44712E-37  5.35067E-37 5.29653E-37 2.42881E-37 2.44731E-37
1.99526E+08  5.44002E-37 5.57033E-37 2.53829E-37 2.55709E-37  5.58270E-37 5.52757E-37 2.53829E-37 2.55709E-37
2.23872E+08  5.67938E-37 5.80845E-37 2.65274E-37 2.67135E-37  5.82323E-37 5.76840E-37 2.65274E-37 2.67135E-37
2.51189E+08  5.92812E-37 6.05603E-37 2.77195E-37 2.79038E-37  6.07315E-37 6.01861E-37 2.77194E-37 2.79038E-37
2.81838E+08  6.18551E-37 6.31442E-37 2.89571E-37 2.91465E-37  6.33992E-37 6.27152E-37 2.89571E-37 2.91465E-37
3.16228E+08  6.43920E-37 6.59660E-37 3.02298E-37 3.04548E-37  6.60386E-37 6.54763E-37 3.02298E-37 3.04548E-37
3.54813E+08  6.71163E-37 6.88077E-37 3.15532E-37 3.18154E-37  6.86467E-37 6.84809E-37 3.15532E-37 3.18154E-37
3.98107E+08  6.99882E-37 7.17155E-37 3.29477E-37 3.32105E-37  7.15329E-37 7.14288E-37 3.29477E-37 3.32105E-37
4.46684E+08  7.29791E-37 7.47246E-37 3.43943E-37 3.46614E-37  7.45816E-37 7.44450E-37 3.43942E-37 3.46614E-37
5.01187E+08  7.60585E-37 7.78721E-37 3.58817E-37 3.61813E-37  7.78245E-37 7.75079E-37 3.58817E-37 3.61813E-37
5.62341E+08  7.92523E-37 8.11299E-37 3.74332E-37 3.77461E-37  8.11292E-37 8.07622E-37 3.74332E-37 3.77461E-37
6.30957E+08  8.26078E-37 8.44541E-37 3.90497E-37 3.93572E-37  8.45376E-37 8.41727E-37 3.90497E-37 3.93572E-37
7.07946E+08  8.60702E-37 8.79152E-37 4.07132E-37 4.10403E-37  8.81707E-37 8.76199E-37 4.07132E-37 4.10403E-37
7.94328E+08  8.96677E-37 9.15023E-37 4.24515E-37 4.27766E-37  9.18432E-37 9.12898E-37 4.24515E-37 4.27766E-37
8.91251E+08  9.34146E-37 9.52199E-37 4.42601E-37 4.45799E-37  9.56424E-37 9.50943E-37 4.42601E-37 4.45799E-37
1.00000E+09  9.72782E-37 9.91218E-37 4.61397E-37 4.64603E-37  9.95513E-37 9.90487E-37 4.61397E-37 4.64603E-37
1.12202E+09  1.01336E-36 1.03153E-36 4.81001E-37 4.84158E-37  1.03608E-36 1.03110E-36 4.81001E-37 4.84158E-37
1.25893E+09  1.05559E-36 1.07349E-36 5.01392E-37 5.04503E-37  1.07798E-36 1.07304E-36 5.01392E-37 5.04503E-37
1.41254E+09  1.09277E-36 1.12378E-36 5.21484E-37 5.26748E-37  1.11734E-36 1.12040E-36 5.21484E-37 5.26748E-37
1.58489E+09  1.13856E-36 1.16868E-36 5.43457E-37 5.48731E-37  1.16264E-36 1.16496E-36 5.43457E-37 5.48731E-37
1.77828E+09  1.18599E-36 1.21508E-36 5.66260E-37 5.71517E-37  1.21025E-36 1.21066E-36 5.66260E-37 5.71517E-37
1.99526E+09  1.23334E-36 1.26463E-36 5.89757E-37 5.95253E-37  1.25831E-36 1.25965E-36 5.89757E-37 5.95253E-37
2.23872E+09  1.28367E-36 1.31425E-36 6.14292E-37 6.19662E-37  1.30882E-36 1.31010E-36 6.14292E-37 6.19662E-37
2.51189E+09  1.33578E-36 1.36536E-36 6.39605E-37 6.45120E-37  1.36193E-36 1.36185E-36 6.39605E-37 6.45120E-37
2.81838E+09  1.38946E-36 1.41837E-36 6.65971E-37 6.71411E-37  1.41646E-36 1.41621E-36 6.65971E-37 6.71411E-37
3.16228E+09  1.44511E-36 1.47314E-36 6.93313E-37 6.98678E-37  1.47304E-36 1.47270E-36 6.93313E-37 6.98678E-37
3.54813E+09  1.50356E-36 1.52908E-36 7.21625E-37 7.26995E-37  1.53374E-36 1.52940E-36 7.21625E-37 7.26995E-37
3.98107E+09  1.56247E-36 1.58883E-36 7.50838E-37 7.56499E-37  1.59301E-36 1.59199E-36 7.50838E-37 7.56499E-37
4.46684E+09  1.62436E-36 1.65018E-36 7.81335E-37 7.86878E-37  1.65628E-36 1.65520E-36 7.81335E-37 7.86878E-37
5.01187E+09  1.68611E-36 1.71658E-36 8.12591E-37 8.18732E-37  1.71970E-36 1.72305E-36 8.12591E-37 8.18732E-37
5.62341E+09  1.75241E-36 1.78341E-36 8.45183E-37 8.51436E-37  1.78801E-36 1.79110E-36 8.45183E-37 8.51436E-37
6.30957E+09  1.81353E-36 1.86036E-36 8.77714E-37 8.86408E-37  1.85636E-36 1.86440E-36 8.77714E-37 8.86408E-37
7.07946E+09  1.88236E-36 1.93474E-36 9.12070E-37 9.21936E-37  1.92691E-36 1.94079E-36 9.12070E-37 9.21936E-37
7.94328E+09  1.95736E-36 2.00834E-36 9.48434E-37 9.58033E-37  2.00325E-36 2.01668E-36 9.48434E-37 9.58033E-37
8.91251E+09  2.03514E-36 2.08477E-36 9.86190E-37 9.95529E-37  2.08219E-36 2.09520E-36 9.86190E-37 9.95529E-37
1.00000E+10  2.11718E-36 2.16282E-36 1.02511E-36 1.03489E-36  2.16633E-36 2.17367E-36 1.02511E-36 1.03489E-36
1.12202E+10  2.20140E-36 2.24512E-36 1.06597E-36 1.07560E-36  2.25052E-36 2.25736E-36 1.06597E-36 1.07560E-36
1.25893E+10  2.28864E-36 2.33111E-36 1.10853E-36 1.11796E-36  2.33744E-36 2.34392E-36 1.10853E-36 1.11796E-36
1.41254E+10  2.37532E-36 2.42424E-36 1.15221E-36 1.16247E-36  2.42431E-36 2.43635E-36 1.15221E-36 1.16247E-36
1.58489E+10  2.46904E-36 2.51665E-36 1.19805E-36 1.20803E-36  2.51717E-36 2.52883E-36 1.19805E-36 1.20803E-36
1.77828E+10  2.56811E-36 2.60981E-36 1.24504E-36 1.25551E-36  2.61320E-36 2.62444E-36 1.24504E-36 1.25551E-36
1.99526E+10  2.66621E-36 2.70965E-36 1.29342E-36 1.30454E-36  2.71257E-36 2.72328E-36 1.29342E-36 1.30454E-36
2.23872E+10  2.76018E-36 2.81942E-36 1.34247E-36 1.35591E-36  2.81028E-36 2.83051E-36 1.34247E-36 1.35591E-36
2.51189E+10  2.86603E-36 2.92367E-36 1.39451E-36 1.40758E-36  2.91654E-36 2.93610E-36 1.39451E-36 1.40758E-36
2.81838E+10  2.96256E-36 3.04393E-36 1.44645E-36 1.46280E-36  3.01875E-36 3.05293E-36 1.44645E-36 1.46280E-36
3.16228E+10  3.07359E-36 3.15679E-36 1.50165E-36 1.51837E-36  3.13064E-36 3.16755E-36 1.50165E-36 1.51837E-36
3.54813E+10  3.19212E-36 3.26962E-36 1.55843E-36 1.57613E-36  3.25337E-36 3.27912E-36 1.55843E-36 1.57613E-36
3.98107E+10  3.31296E-36 3.38807E-36 1.61795E-36 1.63510E-36  3.37501E-36 3.39989E-36 1.61795E-36 1.63510E-36
4.46684E+10  3.43817E-36 3.51057E-36 1.67949E-36 1.69618E-36  3.50094E-36 3.52482E-36 1.67949E-36 1.69618E-36
5.01187E+10  3.56633E-36 3.63905E-36 1.74270E-36 1.75996E-36  3.62637E-36 3.65907E-36 1.74270E-36 1.75996E-36
5.62341E+10  3.70034E-36 3.77056E-36 1.80858E-36 1.82536E-36  3.76119E-36 3.79265E-36 1.80858E-36 1.82536E-36
6.30957E+10  3.83246E-36 3.91274E-36 1.87394E-36 1.89555E-36  3.89663E-36 3.93437E-36 1.87394E-36 1.89555E-36
7.07946E+10  3.97548E-36 4.05327E-36 1.94432E-36 1.96525E-36  4.04054E-36 4.07697E-36 1.94432E-36 1.96525E-36
7.94328E+10  4.12011E-36 4.20192E-36 2.01634E-36 2.03813E-36  4.18682E-36 4.22722E-36 2.01634E-36 2.03813E-36
8.91251E+10  4.27122E-36 4.35437E-36 2.09088E-36 2.11362E-36  4.34078E-36 4.38049E-36 2.09088E-36 2.11362E-36
1.00000E+11  4.41289E-36 4.52711E-36 2.16608E-36 2.19392E-36  4.49113E-36 4.54887E-36 2.16608E-36 2.19392E-36
1.12202E+11  4.57760E-36 4.68820E-36 2.24712E-36 2.27404E-36  4.65766E-36 4.71345E-36 2.24712E-36 2.27404E-36
1.25893E+11  4.74180E-36 4.86142E-36 2.32986E-36 2.35819E-36  4.82614E-36 4.88874E-36 2.32986E-36 2.35819E-36
1.41254E+11  4.91491E-36 5.03753E-36 2.41626E-36 2.44457E-36  5.00215E-36 5.06897E-36 2.41626E-36 2.44457E-36
1.58489E+11  5.10293E-36 5.21063E-36 2.50539E-36 2.53425E-36  5.19692E-36 5.24268E-36 2.50539E-36 2.53425E-36
1.77828E+11  5.27308E-36 5.41362E-36 2.59481E-36 2.62983E-36  5.36401E-36 5.45596E-36 2.59481E-36 2.62983E-36
1.99526E+11  5.46787E-36 5.60407E-36 2.69104E-36 2.72495E-36  5.56136E-36 5.65046E-36 2.69104E-36 2.72495E-36
2.23872E+11  5.66936E-36 5.80042E-36 2.79062E-36 2.82343E-36  5.76482E-36 5.85051E-36 2.79062E-36 2.82343E-36
2.51189E+11  5.87713E-36 6.00385E-36 2.89375E-36 2.92544E-36  5.97435E-36 6.05718E-36 2.89375E-36 2.92544E-36
2.81838E+11  6.07471E-36 6.23124E-36 2.99407E-36 3.03746E-36  6.18127E-36 6.27970E-36 2.99407E-36 3.03746E-36
3.16228E+11  6.29693E-36 6.44809E-36 3.10467E-36 3.14654E-36  6.40468E-36 6.49961E-36 3.10467E-36 3.14654E-36
3.54813E+11  6.52753E-36 6.67109E-36 3.21720E-36 3.26113E-36  6.63769E-36 6.72447E-36 3.21720E-36 3.26113E-36
3.98107E+11  6.74897E-36 6.91815E-36 3.33134E-36 3.38164E-36  6.86656E-36 6.96875E-36 3.33134E-36 3.38164E-36
4.46684E+11  6.99368E-36 7.15725E-36 3.45335E-36 3.50190E-36  7.11291E-36 7.21160E-36 3.45335E-36 3.50190E-36
5.01187E+11  7.23892E-36 7.41153E-36 3.57777E-36 3.62746E-36  7.36284E-36 7.46776E-36 3.57777E-36 3.62746E-36
5.62341E+11  7.49505E-36 7.67136E-36 3.70694E-36 3.75600E-36  7.62171E-36 7.73207E-36 3.70694E-36 3.75600E-36
6.30957E+11  7.76458E-36 7.93472E-36 3.84063E-36 3.88801E-36  7.89383E-36 8.00028E-36 3.84063E-36 3.88801E-36
7.07946E+11  8.03654E-36 8.21261E-36 3.97523E-36 4.02752E-36  8.17302E-36 8.27920E-36 3.97522E-36 4.02752E-36
7.94328E+11  8.27969E-36 8.53625E-36 4.10977E-36 4.17591E-36  8.41436E-36 8.61441E-36 4.10977E-36 4.17592E-36
8.91251E+11  8.57543E-36 8.82417E-36 4.25697E-36 4.32097E-36  8.71518E-36 8.90927E-36 4.25696E-36 4.32097E-36
1.00000E+12  1.06373E-35 7.36267E-36 4.87582E-36 4.00418E-36  1.03925E-35 7.84748E-36 4.87584E-36 4.00416E-36
