# CSMS cross-section
#
# Generated using HERAPDF15NLO_EIG PDF.
#
# Reference:
#    https://arxiv.org/abs/1106.3723
#
#------------------------------------------------------------------------------------------------------------
#  energy                 neutrino xsec (m^2)                            anti-neutrino xsec (m^2)
#  (GeV)         charged-current        neutral-current           charged-current        neutral-current
#              proton      neutron     proton      neutron      proton      neutron     proton      neutron
#------------------------------------------------------------------------------------------------------------
1.00000E+02  4.37824E-41 8.62176E-41 1.88892E-41 2.11108E-41  4.10146E-41 2.49854E-41 1.20119E-41 1.19881E-41
1.12202E+02  4.93190E-41 9.66916E-41 2.12696E-41 2.37523E-41  4.64098E-41 2.84145E-41 1.35991E-41 1.35774E-41
1.25893E+02  5.55190E-41 1.08395E-40 2.39885E-41 2.67687E-41  5.24249E-41 3.22447E-41 1.52915E-41 1.52722E-41
1.41254E+02  6.24795E-41 1.21456E-40 2.70742E-41 3.01889E-41  5.91328E-41 3.65472E-41 1.71181E-41 1.71019E-41
1.58489E+02  7.02663E-41 1.36060E-40 3.05482E-41 3.40396E-41  6.66520E-41 4.13789E-41 1.91239E-41 1.91101E-41
1.77828E+02  7.90212E-41 1.52350E-40 3.44294E-41 3.83353E-41  7.50925E-41 4.68431E-41 2.13704E-41 2.13609E-41
1.99526E+02  8.88190E-41 1.70570E-40 3.87205E-41 4.30842E-41  8.46293E-41 5.30256E-41 2.39454E-41 2.39400E-41
2.23872E+02  9.97990E-41 1.90955E-40 4.34401E-41 4.83058E-41  9.54226E-41 6.00308E-41 2.69050E-41 2.69039E-41
2.51189E+02  1.12140E-40 2.13729E-40 4.86511E-41 5.40639E-41  1.07588E-40 6.79689E-41 3.02557E-41 3.02614E-41
2.81838E+02  1.25967E-40 2.39181E-40 5.44172E-41 6.04341E-41  1.21285E-40 7.69448E-41 3.40426E-41 3.40537E-41
3.16228E+02  1.41459E-40 2.67591E-40 6.08208E-41 6.75037E-41  1.36688E-40 8.70717E-41 3.83094E-41 3.83277E-41
3.54813E+02  1.58800E-40 2.99269E-40 6.79604E-41 7.53809E-41  1.53976E-40 9.84775E-41 4.31027E-41 4.31303E-41
3.98107E+02  1.78195E-40 3.34552E-40 7.59562E-41 8.41975E-41  1.73336E-40 1.11301E-40 4.84703E-41 4.85085E-41
4.46684E+02  1.99854E-40 3.73816E-40 8.49551E-41 9.41152E-41  1.94975E-40 1.25683E-40 5.44583E-41 5.45094E-41
5.01187E+02  2.24007E-40 4.17464E-40 9.51365E-41 1.05332E-40  2.19102E-40 1.41772E-40 6.11117E-41 6.11767E-41
5.62341E+02  2.50927E-40 4.65802E-40 1.06739E-40 1.18103E-40  2.45962E-40 1.59773E-40 6.84673E-41 6.85502E-41
6.30957E+02  2.80869E-40 5.19341E-40 1.19932E-40 1.32616E-40  2.75890E-40 1.79899E-40 7.66052E-41 7.67104E-41
7.07946E+02  3.14183E-40 5.78771E-40 1.34818E-40 1.48988E-40  3.09228E-40 2.02367E-40 8.56482E-41 8.57776E-41
7.94328E+02  3.51427E-40 6.44749E-40 1.51481E-40 1.67294E-40  3.46283E-40 2.27486E-40 9.57439E-41 9.59040E-41
8.91251E+02  3.93061E-40 7.18241E-40 1.69952E-40 1.87572E-40  3.87489E-40 2.55500E-40 1.07078E-40 1.07275E-40
1.00000E+03  4.39741E-40 8.00259E-40 1.90208E-40 2.09792E-40  4.33263E-40 2.86737E-40 1.19880E-40 1.20120E-40
1.12202E+03  4.92372E-40 8.92197E-40 2.12343E-40 2.34046E-40  4.83872E-40 3.21437E-40 1.34404E-40 1.34698E-40
1.25893E+03  5.51703E-40 9.95219E-40 2.36650E-40 2.60652E-40  5.39718E-40 3.59906E-40 1.50843E-40 1.51203E-40
1.41254E+03  6.18220E-40 1.11005E-39 2.63383E-40 2.89884E-40  6.01529E-40 4.02687E-40 1.69371E-40 1.69809E-40
1.58489E+03  6.92299E-40 1.23732E-39 2.92842E-40 3.22069E-40  6.70267E-40 4.50361E-40 1.90152E-40 1.90687E-40
1.77828E+03  7.74402E-40 1.37729E-39 3.25391E-40 3.57589E-40  7.46917E-40 5.03816E-40 2.13337E-40 2.13987E-40
1.99526E+03  8.64694E-40 1.53008E-39 3.61459E-40 3.96904E-40  8.32851E-40 5.63953E-40 2.39046E-40 2.39837E-40
2.23872E+03  9.64124E-40 1.69712E-39 4.01571E-40 4.40583E-40  9.29848E-40 6.32100E-40 2.67560E-40 2.68516E-40
2.51189E+03  1.07432E-39 1.88079E-39 4.46168E-40 4.89084E-40  1.03941E-39 7.09376E-40 2.99317E-40 3.00477E-40
2.81838E+03  1.19614E-39 2.08236E-39 4.95581E-40 5.42762E-40  1.16256E-39 7.96567E-40 3.34662E-40 3.36064E-40
3.16228E+03  1.33060E-39 2.30293E-39 5.50135E-40 6.01943E-40  1.30015E-39 8.94430E-40 3.73968E-40 3.75661E-40
3.54813E+03  1.47871E-39 2.54358E-39 6.10123E-40 6.66918E-40  1.45288E-39 1.00364E-39 4.17644E-40 4.19684E-40
3.98107E+03  1.64137E-39 2.80544E-39 6.75788E-40 7.37930E-40  1.62122E-39 1.12464E-39 4.66135E-40 4.68587E-40
4.46684E+03  1.81962E-39 3.08942E-39 7.47313E-40 8.15146E-40  1.80524E-39 1.25771E-39 5.19925E-40 5.22864E-40
5.01187E+03  2.01436E-39 3.39638E-39 8.24798E-40 8.98641E-40  2.00459E-39 1.40278E-39 5.79538E-40 5.83056E-40
5.62341E+03  2.22704E-39 3.72809E-39 9.08122E-40 9.88255E-40  2.21955E-39 1.56018E-39 6.46118E-40 6.50318E-40
6.30957E+03  2.45923E-39 4.08636E-39 9.97690E-40 1.08439E-39  2.45201E-39 1.73147E-39 7.20564E-40 7.25575E-40
7.07946E+03  2.71206E-39 4.47192E-39 1.09446E-39 1.18804E-39  2.70400E-39 1.91831E-39 8.03004E-40 8.08962E-40
7.94328E+03  2.98653E-39 4.88531E-39 1.19963E-39 1.30047E-39  2.97792E-39 2.12283E-39 8.93301E-40 9.00356E-40
8.91251E+03  3.28328E-39 5.32703E-39 1.31471E-39 1.42326E-39  3.27701E-39 2.34738E-39 9.90978E-40 9.99290E-40
1.00000E+04  3.60741E-39 5.79259E-39 1.44185E-39 1.55815E-39  3.60382E-39 2.59618E-39 1.09510E-39 1.10490E-39
1.12202E+04  3.95147E-39 6.29036E-39 1.58287E-39 1.70803E-39  3.96369E-39 2.87017E-39 1.20489E-39 1.21625E-39
1.25893E+04  4.32114E-39 6.81788E-39 1.73902E-39 1.87368E-39  4.35735E-39 3.17192E-39 1.32101E-39 1.33409E-39
1.41254E+04  4.71854E-39 7.37717E-39 1.91031E-39 2.05500E-39  4.78629E-39 3.50303E-39 1.44488E-39 1.45987E-39
1.58489E+04  5.14607E-39 7.97064E-39 2.09627E-39 2.25140E-39  5.25170E-39 3.86491E-39 1.57841E-39 1.59554E-39
1.77828E+04  5.60606E-39 8.60159E-39 2.29579E-39 2.46166E-39  5.75451E-39 4.25847E-39 1.72415E-39 1.74366E-39
1.99526E+04  6.10191E-39 9.27319E-39 2.50710E-39 2.68376E-39  6.29481E-39 4.68455E-39 1.88537E-39 1.90755E-39
2.23872E+04  6.63775E-39 9.98854E-39 2.73082E-39 2.91822E-39  6.87426E-39 5.14565E-39 2.06453E-39 2.08971E-39
2.51189E+04  7.21581E-39 1.07503E-38 2.96988E-39 3.16814E-39  7.49754E-39 5.64551E-39 2.26211E-39 2.29064E-39
2.81838E+04  7.83742E-39 1.15606E-38 3.22504E-39 3.43433E-39  8.16843E-39 6.18689E-39 2.47916E-39 2.51139E-39
3.16228E+04  8.50511E-39 1.24204E-38 3.49720E-39 3.71759E-39  8.89028E-39 6.77365E-39 2.71657E-39 2.75288E-39
3.54813E+04  9.22092E-39 1.33304E-38 3.78726E-39 4.01879E-39  9.66713E-39 7.40983E-39 2.97502E-39 3.01578E-39
3.98107E+04  9.98661E-39 1.42914E-38 4.09623E-39 4.33888E-39  1.05035E-38 8.09989E-39 3.25491E-39 3.30050E-39
4.46684E+04  1.08033E-38 1.53042E-38 4.42514E-39 4.67890E-39  1.14049E-38 8.84850E-39 3.55628E-39 3.60708E-39
5.01187E+04  1.16723E-38 1.63686E-38 4.77513E-39 5.03995E-39  1.23769E-38 9.66135E-39 3.87874E-39 3.93508E-39
5.62341E+04  1.25916E-38 1.74803E-38 5.14642E-39 5.42218E-39  1.34335E-38 1.05504E-38 4.22464E-39 4.28688E-39
6.30957E+04  1.35624E-38 1.86391E-38 5.53897E-39 5.82541E-39  1.45812E-38 1.15224E-38 4.59702E-39 4.66555E-39
7.07946E+04  1.45900E-38 1.98520E-38 5.95352E-39 6.25039E-39  1.58141E-38 1.25732E-38 4.99620E-39 5.07140E-39
7.94328E+04  1.56814E-38 2.11274E-38 6.39080E-39 6.69785E-39  1.71215E-38 1.36958E-38 5.42213E-39 5.50430E-39
8.91251E+04  1.68454E-38 2.24752E-38 6.85162E-39 7.16854E-39  1.84882E-38 1.48789E-38 5.87426E-39 5.96369E-39
1.00000E+05  1.80930E-38 2.39070E-38 7.33681E-39 7.66319E-39  1.98931E-38 1.61069E-38 6.35154E-39 6.44846E-39
1.12202E+05  1.94342E-38 2.54356E-38 7.84453E-39 8.17990E-39  2.13188E-38 1.73653E-38 6.85280E-39 6.95739E-39
1.25893E+05  2.08715E-38 2.70621E-38 8.37437E-39 8.71821E-39  2.27737E-38 1.86609E-38 7.37955E-39 7.49197E-39
1.41254E+05  2.24034E-38 2.87812E-38 8.92987E-39 9.28168E-39  2.42750E-38 2.00093E-38 7.93478E-39 8.05516E-39
1.58489E+05  2.40251E-38 3.05865E-38 9.51535E-39 9.87482E-39  2.58469E-38 2.14297E-38 8.52219E-39 8.65073E-39
1.77828E+05  2.57300E-38 3.24681E-38 1.01361E-38 1.05031E-38  2.75191E-38 2.29480E-38 9.14639E-39 9.28328E-39
1.99526E+05  2.75089E-38 3.44132E-38 1.07986E-38 1.11730E-38  2.93288E-38 2.45965E-38 9.81295E-39 9.95843E-39
2.23872E+05  2.93561E-38 3.64147E-38 1.15048E-38 1.18865E-38  3.12972E-38 2.63945E-38 1.05290E-38 1.06833E-38
2.51189E+05  3.12795E-38 3.84820E-38 1.22532E-38 1.26421E-38  3.34164E-38 2.83371E-38 1.12975E-38 1.14610E-38
2.81838E+05  3.32885E-38 4.06251E-38 1.30468E-38 1.34425E-38  3.56866E-38 3.04265E-38 1.21182E-38 1.22911E-38
3.16228E+05  3.53933E-38 4.28577E-38 1.38884E-38 1.42910E-38  3.81065E-38 3.26623E-38 1.29897E-38 1.31721E-38
3.54813E+05  3.76076E-38 4.51948E-38 1.47816E-38 1.51908E-38  4.06715E-38 3.50423E-38 1.39093E-38 1.41013E-38
3.98107E+05  3.99476E-38 4.76545E-38 1.57299E-38 1.61457E-38  4.33739E-38 3.75613E-38 1.48734E-38 1.50749E-38
4.46684E+05  4.24325E-38 5.02582E-38 1.67374E-38 1.71596E-38  4.62024E-38 4.02107E-38 1.58766E-38 1.60873E-38
5.01187E+05  4.50844E-38 5.30311E-38 1.78086E-38 1.82371E-38  4.91421E-38 4.29776E-38 1.69118E-38 1.71316E-38
5.62341E+05  4.79181E-38 5.59886E-38 1.89556E-38 1.93906E-38  5.21940E-38 4.58636E-38 1.79614E-38 1.81897E-38
6.30957E+05  5.09316E-38 5.91255E-38 2.01847E-38 2.06262E-38  5.53743E-38 4.88843E-38 1.90246E-38 1.92607E-38
7.07946E+05  5.41214E-38 6.24374E-38 2.14901E-38 2.19381E-38  5.86905E-38 5.20459E-38 2.01201E-38 2.03637E-38
7.94328E+05  5.74820E-38 6.59159E-38 2.28637E-38 2.33179E-38  6.21505E-38 5.53564E-38 2.12717E-38 2.15227E-38
8.91251E+05  6.10042E-38 6.95502E-38 2.42944E-38 2.47541E-38  6.57633E-38 5.88245E-38 2.25087E-38 2.27673E-38
1.00000E+06  6.46753E-38 7.33247E-38 2.57678E-38 2.62322E-38  6.95396E-38 6.24604E-38 2.38666E-38 2.41334E-38
1.12202E+06  6.85047E-38 7.72501E-38 2.72787E-38 2.77470E-38  7.34732E-38 6.62593E-38 2.53837E-38 2.56595E-38
1.25893E+06  7.25136E-38 8.13492E-38 2.88376E-38 2.93089E-38  7.75597E-38 7.02177E-38 2.70601E-38 2.73455E-38
1.41254E+06  7.67023E-38 8.56222E-38 3.04516E-38 3.09254E-38  8.18153E-38 7.43507E-38 2.88743E-38 2.91699E-38
1.58489E+06  8.10703E-38 9.00678E-38 3.21294E-38 3.26053E-38  8.62590E-38 7.86763E-38 3.07969E-38 3.11026E-38
1.77828E+06  8.56157E-38 9.46834E-38 3.38818E-38 3.43595E-38  9.09129E-38 8.32154E-38 3.27881E-38 3.31034E-38
1.99526E+06  9.03353E-38 9.94654E-38 3.57213E-38 3.62008E-38  9.58030E-38 8.79924E-38 3.47968E-38 3.51208E-38
2.23872E+06  9.52067E-38 1.04389E-37 3.76482E-38 3.81292E-38  1.00940E-37 9.30187E-38 3.68053E-38 3.71370E-38
2.51189E+06  1.00224E-37 1.09448E-37 3.96556E-38 4.01379E-38  1.06323E-37 9.82932E-38 3.88463E-38 3.91848E-38
2.81838E+06  1.05417E-37 1.14673E-37 4.17499E-38 4.22332E-38  1.11962E-37 1.03828E-37 4.09342E-38 4.12789E-38
3.16228E+06  1.10818E-37 1.20104E-37 4.39382E-38 4.44224E-38  1.17871E-37 1.09633E-37 4.30871E-38 4.34375E-38
3.54813E+06  1.16468E-37 1.25781E-37 4.62288E-38 4.67138E-38  1.24061E-37 1.15724E-37 4.53275E-38 4.56835E-38
3.98107E+06  1.22416E-37 1.31758E-37 4.86309E-38 4.91166E-38  1.30546E-37 1.22111E-37 4.76826E-38 4.80439E-38
4.46684E+06  1.28717E-37 1.38092E-37 5.11549E-38 5.16413E-38  1.37341E-37 1.28811E-37 5.01845E-38 5.05513E-38
5.01187E+06  1.35436E-37 1.44852E-37 5.38126E-38 5.42998E-38  1.44461E-37 1.35837E-37 5.28713E-38 5.32439E-38
5.62341E+06  1.42591E-37 1.52055E-37 5.66087E-38 5.70967E-38  1.51953E-37 1.43235E-37 5.57647E-38 5.61435E-38
6.30957E+06  1.50170E-37 1.59685E-37 5.95429E-38 6.00319E-38  1.59836E-37 1.51025E-37 5.88523E-38 5.92374E-38
7.07946E+06  1.58192E-37 1.67763E-37 6.26200E-38 6.31098E-38  1.68082E-37 1.59180E-37 6.21205E-38 6.25121E-38
7.94328E+06  1.66678E-37 1.76307E-37 6.58446E-38 6.63353E-38  1.76652E-37 1.67665E-37 6.55511E-38 6.59489E-38
8.91251E+06  1.75648E-37 1.85339E-37 6.92211E-38 6.97126E-38  1.85499E-37 1.76435E-37 6.91196E-38 6.95234E-38
1.00000E+07  1.85123E-37 1.94877E-37 7.27539E-38 7.32461E-38  1.94565E-37 1.85435E-37 7.27954E-38 7.32046E-38
1.12202E+07  1.95262E-37 2.05089E-37 7.64654E-38 7.69585E-38  2.03742E-37 1.94561E-37 7.65833E-38 7.69975E-38
1.25893E+07  2.06154E-37 2.16066E-37 8.03701E-38 8.08641E-38  2.13040E-37 2.03824E-37 8.05135E-38 8.09323E-38
1.41254E+07  2.17695E-37 2.27695E-37 8.44576E-38 8.49526E-38  2.22591E-37 2.13345E-37 8.45876E-38 8.50107E-38
1.58489E+07  2.29745E-37 2.39831E-37 8.87140E-38 8.92099E-38  2.32547E-37 2.23273E-37 8.88074E-38 8.92344E-38
1.77828E+07  2.42131E-37 2.52289E-37 9.31213E-38 9.36178E-38  2.43090E-37 2.33784E-37 9.31739E-38 9.36046E-38
1.99526E+07  2.54637E-37 2.64848E-37 9.76571E-38 9.81537E-38  2.54432E-37 2.45081E-37 9.76884E-38 9.81224E-38
2.23872E+07  2.67200E-37 2.77444E-37 1.02276E-37 1.02773E-37  2.66762E-37 2.57350E-37 1.02306E-37 1.02743E-37
2.51189E+07  2.79967E-37 2.90230E-37 1.06974E-37 1.07469E-37  2.80074E-37 2.70588E-37 1.07002E-37 1.07441E-37
2.81838E+07  2.92997E-37 3.03269E-37 1.11793E-37 1.12287E-37  2.94307E-37 2.84739E-37 1.11820E-37 1.12261E-37
3.16228E+07  3.06364E-37 3.16637E-37 1.16787E-37 1.17280E-37  3.09375E-37 2.99721E-37 1.16812E-37 1.17254E-37
3.54813E+07  3.20155E-37 3.30425E-37 1.22016E-37 1.22508E-37  3.25169E-37 3.15428E-37 1.22040E-37 1.22484E-37
3.98107E+07  3.34475E-37 3.44741E-37 1.27552E-37 1.28043E-37  3.41547E-37 3.31725E-37 1.27575E-37 1.28020E-37
4.46684E+07  3.49443E-37 3.59707E-37 1.33479E-37 1.33969E-37  3.58335E-37 3.48443E-37 1.33500E-37 1.33948E-37
5.01187E+07  3.65200E-37 3.75467E-37 1.39892E-37 1.40384E-37  3.75323E-37 3.65377E-37 1.39913E-37 1.40363E-37
5.62341E+07  3.81715E-37 3.91989E-37 1.47023E-37 1.47517E-37  3.92434E-37 3.82448E-37 1.47043E-37 1.47498E-37
6.30957E+07  3.98888E-37 4.09167E-37 1.54918E-37 1.55415E-37  4.09813E-37 3.99802E-37 1.54937E-37 1.55397E-37
7.07946E+07  4.16752E-37 4.27035E-37 1.63395E-37 1.63897E-37  4.27592E-37 4.17564E-37 1.63413E-37 1.63879E-37
7.94328E+07  4.35341E-37 4.45629E-37 1.72226E-37 1.72731E-37  4.45928E-37 4.35887E-37 1.72242E-37 1.72714E-37
8.91251E+07  4.54694E-37 4.64987E-37 1.81124E-37 1.81632E-37  4.65005E-37 4.54951E-37 1.81140E-37 1.81616E-37
1.00000E+08  4.74851E-37 4.85149E-37 1.89745E-37 1.90255E-37  4.85035E-37 4.74965E-37 1.89760E-37 1.90240E-37
1.12202E+08  4.95815E-37 5.06120E-37 1.97913E-37 1.98422E-37  5.06011E-37 4.95923E-37 1.97927E-37 1.98407E-37
1.25893E+08  5.17600E-37 5.27910E-37 2.05825E-37 2.06331E-37  5.27808E-37 5.17702E-37 2.05838E-37 2.06317E-37
1.41254E+08  5.40267E-37 5.50583E-37 2.13683E-37 2.14186E-37  5.50487E-37 5.40363E-37 2.13696E-37 2.14173E-37
1.58489E+08  5.63884E-37 5.74208E-37 2.21729E-37 2.22229E-37  5.74117E-37 5.63976E-37 2.21741E-37 2.22217E-37
1.77828E+08  5.88529E-37 5.98862E-37 2.30244E-37 2.30741E-37  5.98776E-37 5.88615E-37 2.30255E-37 2.30730E-37
1.99526E+08  6.14285E-37 6.24629E-37 2.39550E-37 2.40045E-37  6.24548E-37 6.14366E-37 2.39560E-37 2.40035E-37
2.23872E+08  6.41333E-37 6.51693E-37 2.49759E-37 2.50254E-37  6.51617E-37 6.41410E-37 2.49769E-37 2.50244E-37
2.51189E+08  6.69780E-37 6.80160E-37 2.60717E-37 2.61212E-37  6.80088E-37 6.69852E-37 2.60726E-37 2.61202E-37
2.81838E+08  6.99572E-37 7.09976E-37 2.72398E-37 2.72894E-37  7.09908E-37 6.99640E-37 2.72407E-37 2.72885E-37
3.16228E+08  7.30640E-37 7.41068E-37 2.84771E-37 2.85268E-37  7.41004E-37 7.30704E-37 2.84779E-37 2.85259E-37
3.54813E+08  7.62892E-37 7.73344E-37 2.97789E-37 2.98287E-37  7.73283E-37 7.62952E-37 2.97797E-37 2.98279E-37
3.98107E+08  7.96213E-37 8.06686E-37 3.11394E-37 3.11893E-37  8.06629E-37 7.96270E-37 3.11401E-37 3.11886E-37
4.46684E+08  8.30465E-37 8.40954E-37 3.25512E-37 3.26013E-37  8.40900E-37 8.30518E-37 3.25519E-37 3.26006E-37
5.01187E+08  8.65479E-37 8.75977E-37 3.40052E-37 3.40554E-37  8.75926E-37 8.65529E-37 3.40059E-37 3.40548E-37
5.62341E+08  9.01018E-37 9.11516E-37 3.55122E-37 3.55625E-37  9.11469E-37 9.01065E-37 3.55128E-37 3.55619E-37
6.30957E+08  9.37163E-37 9.47653E-37 3.70864E-37 3.71369E-37  9.47608E-37 9.37207E-37 3.70870E-37 3.71363E-37
7.07946E+08  9.74223E-37 9.84700E-37 3.87247E-37 3.87751E-37  9.84658E-37 9.74265E-37 3.87253E-37 3.87746E-37
7.94328E+08  1.01256E-36 1.02302E-36 4.04225E-37 4.04732E-37  1.02298E-36 1.01260E-36 4.04230E-37 4.04726E-37
8.91251E+08  1.05258E-36 1.06304E-36 4.21747E-37 4.22254E-37  1.06300E-36 1.05262E-36 4.21752E-37 4.22249E-37
1.00000E+09  1.09477E-36 1.10523E-36 4.39746E-37 4.40254E-37  1.10519E-36 1.09481E-36 4.39750E-37 4.40250E-37
1.12202E+09  1.13941E-36 1.14988E-36 4.58207E-37 4.58715E-37  1.14984E-36 1.13945E-36 4.58211E-37 4.58711E-37
1.25893E+09  1.18636E-36 1.19683E-36 4.77189E-37 4.77698E-37  1.19680E-36 1.18639E-36 4.77193E-37 4.77694E-37
1.41254E+09  1.23545E-36 1.24595E-36 4.96736E-37 4.97245E-37  1.24592E-36 1.23548E-36 4.96739E-37 4.97241E-37
1.58489E+09  1.28652E-36 1.29703E-36 5.16897E-37 5.17406E-37  1.29700E-36 1.28655E-36 5.16900E-37 5.17402E-37
1.77828E+09  1.33933E-36 1.34985E-36 5.37728E-37 5.38237E-37  1.34983E-36 1.33935E-36 5.37731E-37 5.38234E-37
1.99526E+09  1.39360E-36 1.40414E-36 5.59293E-37 5.59802E-37  1.40411E-36 1.39362E-36 5.59296E-37 5.59799E-37
2.23872E+09  1.44925E-36 1.45980E-36 5.81555E-37 5.82064E-37  1.45978E-36 1.44927E-36 5.81558E-37 5.82061E-37
2.51189E+09  1.50653E-36 1.51708E-36 6.04468E-37 6.04976E-37  1.51706E-36 1.50655E-36 6.04470E-37 6.04974E-37
2.81838E+09  1.56564E-36 1.57614E-36 6.28125E-37 6.28588E-37  1.57612E-36 1.56566E-36 6.28128E-37 6.28585E-37
3.16228E+09  1.62671E-36 1.63727E-36 6.52541E-37 6.53049E-37  1.63725E-36 1.62673E-36 6.52543E-37 6.53047E-37
3.54813E+09  1.69004E-36 1.70061E-36 6.77876E-37 6.78384E-37  1.70059E-36 1.69006E-36 6.77878E-37 6.78381E-37
3.98107E+09  1.75587E-36 1.76644E-36 7.04210E-37 7.04717E-37  1.76643E-36 1.75589E-36 7.04212E-37 7.04715E-37
4.46684E+09  1.82449E-36 1.83507E-36 7.31658E-37 7.32166E-37  1.83505E-36 1.82451E-36 7.31660E-37 7.32164E-37
5.01187E+09  1.90138E-36 1.90164E-36 7.60601E-37 7.60608E-37  1.90164E-36 1.90138E-36 7.60601E-37 7.60608E-37
5.62341E+09  1.97141E-36 1.98202E-36 7.90433E-37 7.90941E-37  1.98201E-36 1.97143E-36 7.90435E-37 7.90939E-37
6.30957E+09  2.05009E-36 2.06072E-36 8.21909E-37 8.22418E-37  2.06071E-36 2.05010E-36 8.21910E-37 8.22416E-37
7.07946E+09  2.13205E-36 2.14270E-36 8.54694E-37 8.55204E-37  2.14269E-36 2.13206E-36 8.54696E-37 8.55202E-37
7.94328E+09  2.21701E-36 2.22769E-36 8.88685E-37 8.89195E-37  2.22768E-36 2.21702E-36 8.88686E-37 8.89194E-37
8.91251E+09  2.30467E-36 2.31537E-36 9.23752E-37 9.24263E-37  2.31536E-36 2.30468E-36 9.23754E-37 9.24262E-37
1.00000E+10  2.39464E-36 2.40536E-36 9.59744E-37 9.60256E-37  2.40535E-36 2.39465E-36 9.59745E-37 9.60255E-37
1.12202E+10  2.48744E-36 2.49818E-36 9.96643E-37 9.97154E-37  2.49817E-36 2.48745E-36 9.96644E-37 9.97153E-37
1.25893E+10  2.58764E-36 2.59037E-36 1.03485E-36 1.03486E-36  2.59037E-36 2.58764E-36 1.03485E-36 1.03486E-36
1.41254E+10  2.68787E-36 2.68844E-36 1.07393E-36 1.07396E-36  2.68844E-36 2.68787E-36 1.07393E-36 1.07396E-36
1.58489E+10  2.78437E-36 2.79515E-36 1.11402E-36 1.11454E-36  2.79514E-36 2.78437E-36 1.11403E-36 1.11454E-36
1.77828E+10  2.88782E-36 2.89861E-36 1.15570E-36 1.15621E-36  2.89860E-36 2.88783E-36 1.15570E-36 1.15621E-36
1.99526E+10  2.99244E-36 3.00323E-36 1.19884E-36 1.19935E-36  3.00322E-36 2.99245E-36 1.19884E-36 1.19935E-36
2.23872E+10  3.10291E-36 3.10291E-36 1.24362E-36 1.24362E-36  3.10291E-36 3.10291E-36 1.24362E-36 1.24362E-36
2.51189E+10  3.20323E-36 3.21398E-36 1.28920E-36 1.28972E-36  3.21398E-36 3.20324E-36 1.28921E-36 1.28972E-36
2.81838E+10  3.31026E-36 3.32098E-36 1.33649E-36 1.33700E-36  3.32098E-36 3.31027E-36 1.33649E-36 1.33700E-36
3.16228E+10  3.41942E-36 3.43011E-36 1.38538E-36 1.38590E-36  3.43010E-36 3.41942E-36 1.38539E-36 1.38590E-36
3.54813E+10  3.53161E-36 3.54227E-36 1.43607E-36 1.43658E-36  3.54227E-36 3.53162E-36 1.43607E-36 1.43658E-36
3.98107E+10  3.64788E-36 3.65851E-36 1.48874E-36 1.48925E-36  3.65851E-36 3.64788E-36 1.48874E-36 1.48925E-36
4.46684E+10  3.76938E-36 3.77999E-36 1.54362E-36 1.54413E-36  3.77999E-36 3.76939E-36 1.54362E-36 1.54413E-36
5.01187E+10  3.89742E-36 3.90801E-36 1.60095E-36 1.60146E-36  3.90801E-36 3.89742E-36 1.60095E-36 1.60146E-36
5.62341E+10  4.03766E-36 4.03768E-36 1.66205E-36 1.66206E-36  4.03768E-36 4.03766E-36 1.66205E-36 1.66206E-36
6.30957E+10  4.17890E-36 4.17890E-36 1.72664E-36 1.72664E-36  4.17890E-36 4.17890E-36 1.72664E-36 1.72664E-36
7.07946E+10  4.32085E-36 4.33143E-36 1.79373E-36 1.79425E-36  4.33143E-36 4.32085E-36 1.79373E-36 1.79425E-36
7.94328E+10  4.47374E-36 4.48433E-36 1.86267E-36 1.86319E-36  4.48432E-36 4.47374E-36 1.86267E-36 1.86319E-36
8.91251E+10  4.63185E-36 4.64245E-36 1.93186E-36 1.93238E-36  4.64245E-36 4.63186E-36 1.93186E-36 1.93238E-36
1.00000E+11  4.80000E-36 4.80000E-36 2.00000E-36 2.00000E-36  4.80000E-36 4.80000E-36 2.00000E-36 2.00000E-36
1.12202E+11  4.96387E-36 4.97447E-36 2.06536E-36 2.06588E-36  4.97447E-36 4.96387E-36 2.06536E-36 2.06588E-36
1.25893E+11  5.14052E-36 5.15114E-36 2.12958E-36 2.13010E-36  5.15113E-36 5.14052E-36 2.12959E-36 2.13010E-36
1.41254E+11  5.32327E-36 5.33390E-36 2.19357E-36 2.19409E-36  5.33390E-36 5.32328E-36 2.19357E-36 2.19409E-36
1.58489E+11  5.51052E-36 5.52115E-36 2.25865E-36 2.25916E-36  5.52115E-36 5.51052E-36 2.25865E-36 2.25916E-36
1.77828E+11  5.70039E-36 5.71103E-36 2.32631E-36 2.32681E-36  5.71102E-36 5.70039E-36 2.32631E-36 2.32681E-36
1.99526E+11  5.89078E-36 5.90140E-36 2.39821E-36 2.39871E-36  5.90140E-36 5.89078E-36 2.39821E-36 2.39871E-36
2.23872E+11  6.08229E-36 6.09290E-36 2.47438E-36 2.47488E-36  6.09290E-36 6.08229E-36 2.47438E-36 2.47488E-36
2.51189E+11  6.27746E-36 6.28743E-36 2.55360E-36 2.55408E-36  6.28743E-36 6.27746E-36 2.55360E-36 2.55408E-36
2.81838E+11  6.48037E-36 6.48037E-36 2.63625E-36 2.63625E-36  6.48037E-36 6.48037E-36 2.63625E-36 2.63625E-36
3.16228E+11  6.67579E-36 6.68633E-36 2.72176E-36 2.72226E-36  6.68633E-36 6.67579E-36 2.72176E-36 2.72226E-36
3.54813E+11  6.87893E-36 6.88944E-36 2.81104E-36 2.81154E-36  6.88944E-36 6.87893E-36 2.81104E-36 2.81154E-36
3.98107E+11  7.08937E-36 7.08938E-36 2.90428E-36 2.90428E-36  7.08938E-36 7.08937E-36 2.90428E-36 2.90428E-36
4.46684E+11  7.29101E-36 7.30143E-36 3.00090E-36 3.00140E-36  7.30143E-36 7.29101E-36 3.00090E-36 3.00140E-36
5.01187E+11  7.50430E-36 7.50430E-36 3.10212E-36 3.10212E-36  7.50430E-36 7.50430E-36 3.10212E-36 3.10212E-36
5.62341E+11  7.71312E-36 7.71312E-36 3.20740E-36 3.20740E-36  7.71312E-36 7.71312E-36 3.20740E-36 3.20740E-36
6.30957E+11  7.91706E-36 7.92732E-36 3.31695E-36 3.31745E-36  7.92732E-36 7.91706E-36 3.31695E-36 3.31745E-36
7.07946E+11  8.12588E-36 8.13607E-36 3.43152E-36 3.43202E-36  8.13607E-36 8.12588E-36 3.43152E-36 3.43202E-36
7.94328E+11  8.33383E-36 8.34395E-36 3.55111E-36 3.55161E-36  8.34395E-36 8.33383E-36 3.55111E-36 3.55161E-36
8.91251E+11  8.54032E-36 8.55036E-36 3.67599E-36 3.67649E-36  8.55036E-36 8.54032E-36 3.67599E-36 3.67649E-36
1.00000E+12  8.77732E-36 8.72205E-36 3.80812E-36 3.80527E-36  8.72209E-36 8.77728E-36 3.80812E-36 3.80527E-36
